7 2
20 8
21 8
27 9
31 5
1 9
62 4
64 7
67 2
65 7
76 1
97 2
106 5
124 7
121 3
108 1
142 2
151 3
155 8
169 6
186 5
187 5
171 4
192 7
193 7
198 8
201 3
215 1
217 2
204 8
224 7
234 3
225 7
238 2
191 7
228 9
241 7
249 6
276 4
285 2
256 1
312 4
316 1
347 3
330 6
333 1
331 6
366 1
378 9
372 4
371 4
327 8
438 5
430 4
444 6
442 7
449 7
456 3
464 2
468 6
478 8
421 7
489 7
535 3
539 7
521 3
507 7
490 7
536 3
540 7
549 5
510 7
496 6
554 8
561 8
567 6
560 8
576 8
601 9
577 8
626 3
629 8
634 2
642 1
644 2
630 8
677 8
705 7
733 4
742 8
731 3
763 4
748 2
766 4
782 7
788 7
791 9
792 9
798 9
769 6
821 6
799 9
852 6
840 9
822 6
895 6
842 2
864 3
850 5
855 7
860 3
824 9
874 2
897 5
881 3
892 3
905 8
920 4
921 4
952 5
966 3
957 3
976 1
988 9
989 9
994 5
995 5
965 3
983 1
980 2
963 5
958 3
1001 4
1003 5
1054 9
1005 4
1058 6
1059 6
1083 1
1064 1
1078 9
1076 4
1065 1
1116 9
1090 8
1119 9
1120 9
1141 9
1159 3
1147 9
1174 2
1215 7
1221 7
1233 6
1239 4
1256 7
1280 4
1289 2
1319 3
1304 8
1310 5
1336 4
1323 8
1325 1
1314 3
1292 8
1364 4
1345 5
1376 8
1375 8
1391 3
1401 8
1392 3
1418 1
1430 1
1416 5
1412 2
1406 5
1356 1
1427 1
1365 4
1436 9
1439 4
1440 4
1450 9
1481 3
1506 4
1518 5
1531 6
1469 7
1550 1
1495 9
1561 2
1487 2
1516 6
1602 6
1605 9
1599 9
1620 6
1630 8
1509 3
1569 7
1488 2
1595 8
1500 7
1527 9
1614 2
1616 8
1503 9
1558 4
1621 6
1636 5
1649 9
1658 5
1670 4
1657 5
1677 2
1681 5
1683 1
1728 7
1768 9
1731 4
1732 4
1804 8
1836 1
1807 6
1833 7
1867 7
1890 5
1792 6
1883 1
1825 9
1903 6
1816 4
1887 1
1951 7
1954 9
1955 9
1931 9
2003 6
2001 5
1986 1
2027 7
2034 6
1935 1
2012 9
2015 6
2019 3
1922 5
1998 4
1979 6
2030 3
2031 3
1995 4
2007 4
2095 8
2090 9
2064 5
2080 8
2043 3
2040 2
2127 5
2110 9
2119 7
2115 3
