1 9
7 2
20 8
21 8
27 9
31 5
62 4
64 7
65 7
67 2
76 1
97 2
106 5
108 1
121 3
124 7
142 2
151 3
155 8
169 6
171 4
186 5
187 5
191 7
192 7
193 7
198 8
201 3
204 8
215 1
217 2
224 7
225 7
228 9
234 3
238 2
241 7
249 6
256 1
276 4
285 2
312 4
316 1
327 8
330 6
331 6
333 1
347 3
366 1
371 4
372 4
378 9
421 7
430 4
438 5
442 7
444 6
449 7
456 3
464 2
468 6
478 8
489 7
490 7
496 6
507 7
510 7
521 3
535 3
536 3
539 7
540 7
549 5
554 8
560 8
561 8
567 6
576 8
577 8
601 9
626 3
629 8
630 8
634 2
642 1
644 2
677 8
705 7
731 3
733 4
742 8
748 2
763 4
766 4
769 6
782 7
788 7
791 9
792 9
798 9
799 9
821 6
822 6
824 9
840 9
842 2
850 5
852 6
855 7
860 3
864 3
874 2
881 3
892 3
895 6
897 5
905 8
920 4
921 4
952 5
957 3
958 3
963 5
965 3
966 3
976 1
980 2
983 1
988 9
989 9
994 5
995 5
1001 4
1003 5
1005 4
1054 9
1058 6
1059 6
1064 1
1065 1
1076 4
1078 9
1083 1
1090 8
1116 9
1119 9
1120 9
1141 9
1147 9
1159 3
1174 2
1215 7
1221 7
1233 6
1239 4
1256 7
1280 4
1289 2
1292 8
1304 8
1310 5
1314 3
1319 3
1323 8
1325 1
1336 4
1345 5
1356 1
1364 4
1365 4
1375 8
1376 8
1391 3
1392 3
1401 8
1406 5
1412 2
1416 5
1418 1
1427 1
1430 1
1436 9
1439 4
1440 4
1450 9
1469 7
1481 3
1487 2
1488 2
1495 9
1500 7
1503 9
1506 4
1509 3
1516 6
1518 5
1527 9
1531 6
1550 1
1558 4
1561 2
1569 7
1595 8
1599 9
1602 6
1605 9
1614 2
1616 8
1620 6
1621 6
1630 8
1636 5
1649 9
1657 5
1658 5
1670 4
1677 2
1681 5
1683 1
1728 7
1731 4
1732 4
1768 9
1792 6
1804 8
1807 6
1816 4
1825 9
1833 7
1836 1
1867 7
1883 1
1887 1
1890 5
1903 6
1922 5
1931 9
1935 1
1951 7
1954 9
1955 9
1979 6
1986 1
1995 4
1998 4
2001 5
2003 6
2007 4
2012 9
2015 6
2019 3
2027 7
2030 3
2031 3
2034 6
2040 2
2043 3
2064 5
2080 8
2090 9
2095 8
2110 9
2115 3
2119 7
2127 5
